DECLARATIONID
9688
9688
9634
9055
9055
9055
9055
8674
8674
8490
8412
8413
8412
8305
8167
8167
7854
7854
7854
7854
7837
7659
7659
7501
7501
7501
7501
6687
6694
6654
6352
6053
6022
5716
5665
5618
5359
5151
5151
5151
5043
4996
4870
4681
4681
4681
4552
4388
4213
4213
4213
4188
3948
3472
3410
3366
3367
2668
2583
2583
2583
2583
2583
2583
2529
2412
2056
2018
2023
1967
1945
1945
1864
1857
1776
1788
1654
1654
1398
1347
1330
1330
1347
1347
1283
1218
1218
1141
879
866
693
651
651
651
552
454
454
454
437
322
328
254
232
232
